100
500
0 1 0.6305
0 4 0.0488
0 15 0.4706
0 47 0.0724
0 56 0.0512
0 17 0.1556
0 33 0.2421
0 25 0.2797
0 83 0.0545
0 64 0.0045
0 45 0.2633
0 34 0.4261
1 2 1.4489
1 6 1.0289
1 9 0.257
1 26 1.4992
1 54 0.6728
1 97 0.3133
1 60 0.4645
1 44 0.2824
1 99 0.0629
1 46 0.5993
1 24 0.2225
1 18 0.1234
1 5 0.5333
1 8 0.7817
2 3 1.0025
2 5 0.964
2 10 0.02
2 14 0.6497
2 41 0.648
2 45 0.4777
2 44 0.4901
2 27 0.0233
2 29 0.8125
2 99 1.0386
2 30 0.3226
2 24 0.9616
2 19 0.2357
2 9 0.7893
2 82 0.6656
2 90 1.073
2 81 0.0145
3 22 0.1384
3 27 0.7204
3 28 0.1073
3 68 0.2378
3 70 0.866
3 73 0.4036
3 81 0.8066
3 94 0.3856
3 88 0.205
3 20 0.265
3 84 0.0914
4 11 0.0458
4 17 0.0628
4 82 0.458
4 93 0.09
4 95 0.0548
4 81 0.2953
4 6 0.6516
4 42 0.073
4 8 0.0648
4 62 0.277
4 89 0.1229
4 36 0.0013
4 20 0.0925
5 7 1.0361
5 40 0.1025
5 98 0.625
5 32 0.1585
6 23 0.0442
6 86 0.2308
6 18 0.4421
6 70 1.3549
6 27 0.5105
6 66 0.4394
6 94 0.8905
7 8 0.5365
7 63 0.4005
7 87 0.2813
7 21 0.5121
7 97 0.5825
7 43 0.3042
7 46 0.0377
7 51 0.0106
7 71 0.004
8 12 0.514
8 16 0.4658
8 55 0.1
8 85 0.3908
8 82 0.5876
8 90 0.629
8 79 0.377
8 67 0.1636
8 74 0.2962
8 56 0.1696
8 19 0.0425
8 21 0.2194
9 13 0.0181
9 21 0.0037
9 49 0.362
9 57 0.3517
9 62 0.7417
9 66 0.3293
9 61 0.442
9 74 0.2545
9 60 0.7165
9 46 0.7345
9 94 0.025
9 36 0.097
10 52 0.2818
10 18 0.6625
10 71 0.5717
10 55 0.0484
10 45 0.3517
10 53 0.2333
10 59 0.3265
10 78 0.3028
11 55 0.377
11 59 0.0289
11 96 0.2237
11 97 0.241
11 34 0.3217
11 40 0.3589
11 82 0.2146
11 39 0.2561
11 37 0.2592
12 16 0.1154
12 19 0.2645
12 33 0.0305
12 88 0.1009
12 81 0.7569
12 59 0.0725
12 86 0.0452
12 22 0.0557
12 18 0.0005
12 98 0.449
12 32 0.2053
12 25 0.1385
12 69 0.2578
12 13 0.2132
12 58 0.3524
12 62 0.4946
12 30 0.1962
13 20 0.0109
13 25 0.0169
13 37 0.2402
13 51 0.5161
13 87 0.02
13 32 0.0013
13 86 0.4264
13 45 0.7157
13 70 0.1433
13 76 0.6098
13 99 0.169
13 15 0.2834
13 66 0.2018
13 61 0.3253
14 43 0.5746
14 77 0.937
14 46 0.0065
14 35 0.557
14 59 0.1066
14 84 0.369
14 28 0.4793
14 60 0.0349
14 55 0.8317
15 34 0.2977
15 33 0.0629
15 63 0.314
15 73 0.5125
15 46 0.2536
15 54 0.3169
15 92 0.0109
16 38 0.5741
16 31 0.4849
16 18 0.1017
16 73 0.4453
16 76 0.89
16 28 0.0314
17 18 0.0577
17 32 0.0481
17 42 0.0666
17 77 0.3653
17 57 0.26
17 63 0.0522
17 46 0.269
17 20 0.0289
17 47 0.1856
17 24 0.1576
17 43 0.0261
17 82 0.3656
17 33 0.0125
18 30 0.1961
18 70 0.6266
18 38 0.218
18 69 0.2465
18 54 0.221
18 62 0.4933
18 60 0.1157
18 53 0.1378
18 44 0.0666
18 94 0.2258
18 31 0.3232
18 88 0.0872
19 65 0.0269
19 51 0.3428
19 41 0.1061
19 87 0.1777
19 32 0.1616
19 84 0.2048
19 23 0.2545
19 82 0.3541
19 75 0.1413
19 97 0.1825
20 24 0.0549
20 50 0.0505
20 69 0.2017
20 29 0.522
20 33 0.0424
20 21 0.0361
20 86 0.3393
20 35 0.002
20 90 0.1877
21 36 0.0629
21 77 0.1985
21 24 0.0226
21 78 0.4658
21 49 0.2993
21 72 0.0629
21 54 0.6469
21 89 0.1525
22 85 0.3425
22 56 0.3965
22 74 0.0545
22 99 0.0265
22 33 0.0058
23 38 0.0269
23 89 0.7985
23 74 0.218
23 70 0.9197
23 27 0.2705
23 86 0.1962
23 39 0.8177
23 46 0.0296
24 68 1.0069
24 74 0.305
24 63 0.0466
24 83 0.2833
25 31 0.388
25 43 0.0004
25 98 0.4041
25 38 0.554
25 62 0.6409
25 75 0.5809
25 30 0.3485
25 45 0.7082
26 35 0.7354
26 31 0.2138
26 27 0.05
26 83 0.464
26 89 0.2708
27 29 0.569
27 44 0.306
27 37 0.8857
27 53 0.2176
27 80 0.562
27 49 0.0562
28 80 0.4229
28 73 0.4885
28 30 0.3706
28 48 0.9698
29 67 0.7877
29 42 0.6637
29 44 0.1898
29 62 0.2977
29 75 0.8665
29 77 1.0088
29 93 0.7093
29 84 0.29
30 46 0.058
30 77 0.4545
30 48 0.202
30 84 0.2353
30 92 0.2173
30 35 0.2929
31 39 0.442
31 85 0.7225
31 70 0.425
31 94 0.2722
31 84 0.328
31 57 0.0533
31 73 0.0074
31 32 0.3616
32 58 0.2465
32 90 0.2597
32 77 0.2788
32 88 0.02
32 54 0.549
32 97 0.0257
32 43 0.01
33 74 0.0257
33 44 0.049
33 66 0.0261
33 86 0.1429
33 88 0.0208
34 73 0.5066
34 72 0.153
34 69 0.3609
34 38 0.82
35 72 0.041
35 48 0.6305
36 81 0.3106
36 73 0.0936
36 84 0.1658
36 88 0.1058
36 83 0.0548
36 79 0.1945
37 83 0.1997
37 73 0.5101
37 56 0.4946
37 61 0.5737
37 88 0.1093
37 42 0.272
37 46 0.292
37 44 0.1513
38 41 0.4573
38 89 0.929
38 62 0.1937
38 74 0.1737
38 63 0.5945
38 47 0.6145
38 70 1.017
39 42 0.0097
39 81 0.7072
39 40 0.0296
39 49 0.3332
39 71 0.6626
39 65 0.3249
40 90 0.3833
40 67 0.0725
40 49 0.5476
40 70 0.2066
40 53 0.5218
40 58 0.4505
41 48 0.557
41 86 0.3076
41 95 0.02
41 61 0.2701
42 74 0.17
42 73 0.3029
43 44 0.1042
43 70 0.2522
43 71 0.3706
43 55 0.7745
43 80 0.1522
43 73 0.3194
43 52 0.1053
44 92 0.101
44 88 0.0866
44 57 0.1853
44 46 0.1405
44 45 0.2516
44 98 0.1629
44 56 0.1205
45 63 0.6977
45 99 0.5041
46 90 0.1952
47 67 0.0712
47 63 0.0986
47 93 0.148
47 89 0.0325
48 56 0.1066
48 99 0.8612
48 84 0.7209
49 64 0.0936
49 67 0.2309
49 66 0.6057
49 83 0.2042
50 73 0.3233
50 51 0.2225
50 74 0.0328
50 60 0.2146
50 63 0.116
50 71 0.1853
50 96 0.4537
51 53 0.0962
51 83 0.1906
51 63 0.5245
51 86 0.0229
52 78 0.3626
52 79 0.2804
52 73 0.1565
52 80 0.0505
52 89 0.0625
52 63 0.0288
52 72 0.0281
52 66 0.3368
52 88 0.1217
52 54 0.5161
52 70 0.0533
53 65 0.1385
53 98 0.1237
53 92 0.1586
53 64 0.045
53 99 0.2105
54 61 0.1858
54 72 0.32
54 82 0.0125
54 87 0.4573
54 68 0.0082
54 95 0.2465
54 58 0.2405
55 95 0.6068
55 97 0.586
55 61 0.1565
56 72 0.1933
56 81 0.1125
56 73 0.0325
56 76 0.0954
56 87 0.4096
57 60 0.522
57 77 0.1017
57 74 0.2754
58 60 0.3848
58 66 0.349
58 75 0.0922
58 79 0.229
59 77 0.4964
59 60 0.0725
59 78 0.0185
59 97 0.3617
59 70 0.533
59 81 0.3716
60 99 0.1906
60 98 0.4346
61 81 0.0596
61 64 0.0232
61 93 0.3973
61 77 0.2228
62 67 0.5954
63 94 0.0013
63 89 0.1657
63 92 0.2953
63 64 0.1649
63 79 0.2084
63 68 0.6381
64 93 0.2465
64 73 0.0106
64 82 0.2665
65 76 0.073
65 70 0.2389
65 73 0.0125
66 68 0.3137
66 80 0.5189
67 82 0.8224
67 95 0.1352
67 77 0.1305
68 75 0.6125
68 96 0.7474
68 76 0.3089
68 95 0.3385
68 81 0.3428
69 80 0.2809
69 86 0.337
69 99 0.3044
69 93 0.2234
70 88 0.289
70 71 0.9256
71 87 0.3457
72 73 0.1028
72 99 0.1889
72 86 0.3349
73 76 0.0769
74 80 0.3865
75 92 0.8825
75 78 0.4786
75 90 0.9332
78 84 0.2041
78 98 0.1874
78 95 0.1412
78 81 0.3229
79 88 0.1117
79 91 0.6984
80 94 0.0584
80 99 0.4673
81 89 0.3554
81 85 0.9605
81 82 0.4849
82 89 0.9881
82 91 1.3138
82 94 0.6385
82 98 0.377
85 94 0.1301
86 98 0.5114
87 92 0.1585
87 93 0.034
87 94 0.0425
92 95 0.1025
