64
192
0 1 0.67
0 2 0.47
0 4 0.48
0 8 0.13
0 16 0.54
0 32 0.59
1 3 0.81
1 5 0.31
1 9 0.14
1 17 0.59
1 33 0.58
2 3 0.75
2 6 0.57
2 10 0.06
2 18 0.26
2 34 0.98
3 7 0.33
3 11 0.8
3 19 0.76
3 35 0.16
4 5 0.66
4 6 0.53
4 12 0.9
4 20 0.27
4 36 0.94
5 7 0.23
5 13 0.7
5 21 0.91
5 37 0.85
6 7 0.65
6 14 0.96
6 22 0.28
6 38 0.33
7 15 0.79
7 23 0.8
7 39 0.05
8 9 0.46
8 10 0.35
8 12 0.19
8 24 0.15
8 40 0.31
9 11 0.42
9 13 0.41
9 25 0.28
9 41 0.08
10 11 0.17
10 14 0.74
10 26 0.89
10 42 0.68
11 15 0.5
11 27 0.38
11 43 0.93
12 13 0.42
12 14 0.2
12 28 0.87
12 44 0.07
13 15 0.24
13 29 0.7
13 45 0.6
14 15 0.31
14 30 0.54
14 46 0.06
15 31 0
15 47 0.24
16 17 0.58
16 18 0.88
16 20 0.86
16 24 0.09
16 48 0.72
17 19 0.02
17 21 0.38
17 25 0.35
17 49 0.76
18 19 0.96
18 22 0.93
18 26 0.68
18 50 0.26
19 23 0.01
19 27 0.95
19 51 0.97
20 21 0.54
20 22 0.26
20 28 0.88
20 52 0.9
21 23 0.69
21 29 0.44
21 53 0.81
22 23 0.05
22 30 0.33
22 54 0.58
23 31 0.23
23 55 0.64
24 25 0.68
24 26 0.31
24 28 0.34
24 56 0.98
25 27 0.01
25 29 0.28
25 57 0.34
26 27 0.96
26 30 0.29
26 58 0.21
27 31 0.07
27 59 0.91
28 29 0.78
28 30 0.85
28 60 0.87
29 31 0.62
29 61 0.21
30 31 0.32
30 62 0.51
31 63 0.7
32 33 0.96
32 34 0.28
32 36 0.95
32 40 0.69
32 48 0.58
33 35 0.99
33 37 0.24
33 41 0.49
33 49 0.36
34 35 0.32
34 38 1
34 42 0.65
34 50 0.19
35 39 0.67
35 43 0.19
35 51 0.34
36 37 0.85
36 38 0.17
36 44 0.02
36 52 1
37 39 0.59
37 45 0.76
37 53 0.16
38 39 0.25
38 46 0.22
38 54 0.58
39 47 0.21
39 55 0.48
40 41 0.01
40 42 0.94
40 44 0.43
40 56 0.34
41 43 0.33
41 45 0.21
41 57 0.31
42 43 0.5
42 46 0.24
42 58 0.29
43 47 0.46
43 59 0.13
44 45 0.57
44 46 0.06
44 60 0.52
45 47 0.18
45 61 0.68
46 47 0.9
46 62 0.98
47 63 0.73
48 49 1
48 50 0.25
48 52 0.59
48 56 0.02
49 51 0.12
49 53 0.49
49 57 0.89
50 51 0.86
50 54 0.56
50 58 0.16
51 55 0.57
51 59 0.8
52 53 0.25
52 54 0.18
52 60 0.17
53 55 0.95
53 61 0.76
54 55 0.63
54 62 0.2
55 63 0.68
56 57 0.69
56 58 0.94
56 60 0.32
57 59 0.55
57 61 0.64
58 59 0.21
58 62 0.43
59 63 0.68
60 61 0.04
60 62 0.55
61 63 0.89
62 63 0.16
