128
448
0 1 0
0 2 0.52
0 4 0.42
0 8 0.1
0 16 0.9
0 32 0.85
0 64 0.96
1 3 0.35
1 5 0.56
1 9 0.06
1 17 0.02
1 33 0.04
1 65 0.75
2 3 1
2 6 0.82
2 10 0.82
2 18 0.61
2 34 0.35
2 66 0.92
3 7 0.08
3 11 0.43
3 19 0.76
3 35 0.58
3 67 0.48
4 5 0.8
4 6 0.23
4 12 0.04
4 20 0.72
4 36 0
4 68 0.9
5 7 0.9
5 13 0.65
5 21 0.02
5 37 0.52
5 69 0.51
6 7 0.49
6 14 0.2
6 22 0.6
6 38 0.43
6 70 0.21
7 15 0.48
7 23 1
7 39 0.86
7 71 0.69
8 9 0.18
8 10 0.27
8 12 0
8 24 0.07
8 40 0.86
8 72 0.18
9 11 0.28
9 13 0.4
9 25 0.53
9 41 0.2
9 73 0.94
10 11 0.74
10 14 0.41
10 26 0.67
10 42 0.27
10 74 0.68
11 15 0.09
11 27 0.76
11 43 0.48
11 75 0.14
12 13 0
12 14 0.6
12 28 0.9
12 44 0.61
12 76 0.72
13 15 0.13
13 29 0.51
13 45 0.66
13 77 0.05
14 15 0.4
14 30 0.18
14 46 0.23
14 78 0.46
15 31 0.89
15 47 0.66
15 79 0.48
16 17 0.05
16 18 0.84
16 20 0.78
16 24 0.39
16 48 0.91
16 80 0.76
17 19 0.45
17 21 0.35
17 25 0.99
17 49 0.44
17 81 0.12
18 19 0.71
18 22 0.27
18 26 0.11
18 50 0.44
18 82 0.81
19 23 0.01
19 27 0.57
19 51 0.02
19 83 0.19
20 21 0.53
20 22 0.69
20 28 0.77
20 52 0.58
20 84 0.94
21 23 0.06
21 29 0.67
21 53 0.78
21 85 0.11
22 23 0.64
22 30 0.44
22 54 0.58
22 86 0.14
23 31 0.87
23 55 0.1
23 87 0.56
24 25 0.13
24 26 0.12
24 28 0.31
24 56 0.27
24 88 0.01
25 27 0.17
25 29 0.16
25 57 0.61
25 89 0.56
26 27 0.62
26 30 0.25
26 58 0.56
26 90 0.42
27 31 0.03
27 59 0.01
27 91 0.09
28 29 0.77
28 30 0.28
28 60 0.48
28 92 0.67
29 31 0.6
29 61 0.44
29 93 0.14
30 31 0.36
30 62 0.79
30 94 0.01
31 63 0.43
31 95 0.57
32 33 0.77
32 34 0.49
32 36 0.24
32 40 0.83
32 48 0.72
32 96 0.46
33 35 0.51
33 37 0.46
33 41 0.49
33 49 0.04
33 97 0.96
34 35 0.99
34 38 0.73
34 42 0.54
34 50 0.02
34 98 0.95
35 39 0.5
35 43 0.24
35 51 0.39
35 99 0.02
36 37 0.25
36 38 0.34
36 44 0.99
36 52 0.57
36 100 0.02
37 39 0.77
37 45 0.43
37 53 0.2
37 101 0.21
38 39 0.9
38 46 0.16
38 54 0.33
38 102 0.53
39 47 0.92
39 55 0.15
39 103 0.81
40 41 0.24
40 42 0.35
40 44 0.07
40 56 0.77
40 104 0.35
41 43 0.76
41 45 0.67
41 57 0.49
41 105 0.61
42 43 0.75
42 46 0.87
42 58 0.53
42 106 0.5
43 47 0.16
43 59 0.02
43 107 0.54
44 45 0.41
44 46 0.77
44 60 0.26
44 108 0.01
45 47 0.33
45 61 0.68
45 109 0.24
46 47 0.45
46 62 0.3
46 110 0.43
47 63 0.44
47 111 0.75
48 49 0.5
48 50 0.41
48 52 0.21
48 56 0.54
48 112 0.11
49 51 0.98
49 53 0.1
49 57 0.67
49 113 0.91
50 51 0.27
50 54 0
50 58 0.81
50 114 0.36
51 55 0.25
51 59 0.31
51 115 0.18
52 53 0.68
52 54 0.91
52 60 0.84
52 116 0.29
53 55 0.61
53 61 1
53 117 0.47
54 55 0.28
54 62 0.76
54 118 0.8
55 63 0.35
55 119 0.4
56 57 0.67
56 58 0.83
56 60 0.68
56 120 0.11
57 59 0.6
57 61 0.35
57 121 0.11
58 59 0.69
58 62 0.96
58 122 0.24
59 63 0.13
59 123 0.84
60 61 0.24
60 62 0.27
60 124 0.18
61 63 0.62
61 125 0.93
62 63 0.88
62 126 0.76
63 127 0.08
64 65 0.83
64 66 0.48
64 68 0.11
64 72 0.65
64 80 0.69
64 96 0.47
65 67 0.47
65 69 0.18
65 73 0.06
65 81 0.43
65 97 0.47
66 67 0.78
66 70 0.17
66 74 0.84
66 82 0.28
66 98 0.95
67 71 0.88
67 75 0.02
67 83 0.68
67 99 0.9
68 69 0.06
68 70 0.43
68 76 0.65
68 84 0.27
68 100 0.3
69 71 0.56
69 77 0.81
69 85 0.53
69 101 0.11
70 71 0.41
70 78 0.79
70 86 0.63
70 102 0.94
71 79 0.82
71 87 0.53
71 103 0.7
72 73 0.73
72 74 0.56
72 76 0.95
72 88 0.82
72 104 0.43
73 75 0.42
73 77 0.23
73 89 0
73 105 0.57
74 75 0.58
74 78 0.47
74 90 0.84
74 106 0.99
75 79 0.7
75 91 0.83
75 107 0.85
76 77 0.47
76 78 0.12
76 92 0.04
76 108 0.53
77 79 0.21
77 93 0.51
77 109 0.98
78 79 0.6
78 94 0.29
78 110 0
79 95 0.27
79 111 0.54
80 81 0.33
80 82 0.14
80 84 0.3
80 88 0.82
80 112 0.43
81 83 0.44
81 85 0.11
81 89 0.5
81 113 0.85
82 83 0.49
82 86 0.51
82 90 0.38
82 114 0.35
83 87 0.44
83 91 0.5
83 115 0.51
84 85 0
84 86 0.86
84 92 0.05
84 116 0.61
85 87 0.4
85 93 0.32
85 117 0.85
86 87 0.99
86 94 0.1
86 118 0.59
87 95 0.32
87 119 0.57
88 89 0.47
88 90 0.36
88 92 0.3
88 120 0.81
89 91 0.74
89 93 0.81
89 121 0.57
90 91 0.73
90 94 0.66
90 122 0.91
91 95 0.33
91 123 0.99
92 93 1
92 94 0.81
92 124 0.34
93 95 0.35
93 125 0.25
94 95 0.88
94 126 0.02
95 127 0.68
96 97 0.4
96 98 0.22
96 100 0.2
96 104 0.57
96 112 0.74
97 99 0.07
97 101 0.3
97 105 0.58
97 113 0.11
98 99 0.48
98 102 0.33
98 106 0.42
98 114 0
99 103 0.92
99 107 0.55
99 115 0.39
100 101 0.03
100 102 0.92
100 108 0.64
100 116 0.01
101 103 0.73
101 109 1
101 117 0.7
102 103 0.45
102 110 0.61
102 118 0.01
103 111 0.68
103 119 0.81
104 105 0.56
104 106 0.64
104 108 0.39
104 120 0.09
105 107 0.93
105 109 0.64
105 121 0.67
106 107 0.68
106 110 0.06
106 122 0.76
107 111 0.02
107 123 0.82
108 109 0.44
108 110 0.88
108 124 0.29
109 111 0.4
109 125 0.64
110 111 0.14
110 126 0.15
111 127 0.16
112 113 0.19
112 114 0.44
112 116 0.93
112 120 0.33
113 115 0.61
113 117 0.4
113 121 0.92
114 115 0.65
114 118 0.16
114 122 0.79
115 119 0.96
115 123 0.29
116 117 0.93
116 118 0.1
116 124 0.25
117 119 0.29
117 125 0.95
118 119 0.81
118 126 0.69
119 127 0.1
120 121 0.98
120 122 0.92
120 124 0.03
121 123 0.96
121 125 0.47
122 123 0.44
122 126 0.85
123 127 0.86
124 125 0
124 126 0.25
125 127 0.37
126 127 0.49
