50
125
0 1 0.2353
0 3 0.001
0 4 0.2866
0 15 0.029
0 21 0.025
0 12 0.0877
0 49 0.4802
0 8 0.136
0 17 0.1445
0 19 0.3589
0 10 0.0904
1 2 0.8145
1 9 1.0192
1 10 0.3485
1 13 0.2525
1 14 0.505
1 42 0.1325
1 26 0.3089
1 48 0.1744
2 6 0.8644
2 7 0.9074
2 12 0.5249
2 48 1.3897
2 42 0.3368
3 5 0.2545
3 19 0.3281
3 44 0.089
3 42 0.1156
3 25 0.2617
4 8 0.0522
4 10 0.1186
4 44 0.0706
4 45 0.8945
4 11 0.2034
5 33 0.52
5 13 0.6989
5 37 0.6409
5 48 0.2314
6 18 0.0349
7 12 0.1053
7 17 0.8149
7 9 1.3793
7 44 0.7712
7 37 0.9032
7 29 0.3338
8 11 0.072
8 16 0.5525
8 24 0.0925
8 15 0.145
8 43 0.3925
9 34 0.0261
9 19 1.2932
10 49 0.257
10 27 0.801
11 26 0.0576
11 29 0.065
11 42 0.5938
12 20 0.0185
12 41 0.2525
13 17 0.1777
13 26 0.7786
13 47 0.0578
14 28 0.596
14 20 0.3681
14 23 0.2105
15 22 0.3989
15 31 0.153
15 46 0.065
16 25 0.772
16 29 0.4225
17 23 0.3701
17 24 0.7298
17 34 0.2617
17 38 0.8685
17 41 0.1205
17 44 0.1565
18 36 0.2105
18 47 0.0481
18 28 0.298
19 27 0.0577
19 44 0.7309
20 35 0.7474
21 35 0.2378
21 40 0.5634
21 34 0.3626
21 28 0.5653
21 30 0.0725
21 23 0.0832
22 39 0.1681
22 34 0.8641
22 48 0.3842
23 43 0.0785
23 45 0.1537
23 32 0.0521
23 41 0.3242
24 32 0.389
24 48 0.197
25 28 0.0612
25 30 0.85
25 41 0.8513
26 46 1.0132
27 47 0.1898
28 42 0.7585
29 37 0.6562
30 35 0.3249
31 49 0.613
31 37 0.306
31 47 0.0072
32 45 0.136
32 33 0.053
32 36 0.1037
33 43 0.117
33 46 0.8345
33 44 0.6525
35 38 1.0138
35 49 1.5138
35 47 0.4084
36 44 0.5044
37 42 0.361
39 46 0.5648
40 47 0.5972
41 48 0.9953
44 46 0.17
44 49 0.5602
44 47 0.306
