32
80
0 1 0.22
0 2 0.41
0 4 0.09
0 8 0.33
0 16 0.44
1 3 0.4
1 5 0.99
1 9 0.18
1 17 0.18
2 3 0.39
2 6 0.33
2 10 0.04
2 18 0.28
3 7 0.56
3 11 0.25
3 19 0.83
4 5 0.73
4 6 0.25
4 12 0.84
4 20 0.09
5 7 0.61
5 13 0.66
5 21 0.87
6 7 0.72
6 14 0.06
6 22 0.99
7 15 0.63
7 23 0.49
8 9 0.61
8 10 0.7
8 12 0.55
8 24 0.92
9 11 0.66
9 13 0.42
9 25 0.65
10 11 0.2
10 14 0.2
10 26 0.6
11 15 0.68
11 27 0.72
12 13 0.9
12 14 0.59
12 28 0.42
13 15 0.05
13 29 0.05
14 15 0.13
14 30 0.92
15 31 0.73
16 17 0.44
16 18 0.52
16 20 0.26
16 24 0.49
17 19 0.78
17 21 0.8
17 25 0.72
18 19 0.05
18 22 0.99
18 26 0.86
19 23 0.78
19 27 0.69
20 21 0.36
20 22 0.77
20 28 0.5
21 23 0.42
21 29 0.62
22 23 0.19
22 30 0.73
23 31 0.1
24 25 0.47
24 26 0.82
24 28 0.96
25 27 0.84
25 29 0.4
26 27 0.09
26 30 0.43
27 31 0.11
28 29 0.45
28 30 0.89
29 31 0.35
30 31 0.95
