30
100
0 1 0.1789
0 5 0.1394
0 13 0.1865
0 11 0.0196
0 10 0.2665
1 2 0.1
1 3 0.6689
1 4 0.9397
1 6 0.0641
1 8 0.3528
1 12 0.0377
1 26 0.029
1 10 0.1746
1 21 0.916
1 22 0.1061
1 19 0.4861
1 24 0.3601
1 23 0.533
1 13 0.577
2 7 0.5714
2 24 0.1517
2 6 0.0533
3 28 0.6361
3 18 0.292
3 21 0.0661
3 17 0.2305
3 7 0.1961
4 7 0.0461
4 13 0.1521
4 26 0.7141
4 8 0.1417
4 10 0.3865
4 5 0.746
5 11 0.257
5 19 0.3848
5 24 0.289
5 25 0.1825
5 28 0.0909
5 26 0.0149
5 27 0.0442
6 10 0.0317
6 25 0.0801
6 14 0.0634
6 29 0.3746
6 21 0.5165
6 8 0.1733
6 13 0.4493
7 9 0.2132
7 18 0.8293
7 21 0.0362
7 28 1.2532
7 27 0.7173
8 14 0.1745
8 23 0.281
8 19 0.1753
8 18 0.3497
8 28 0.5186
8 11 0.2405
8 15 0.2164
8 20 0.0361
8 27 0.1421
9 23 0.0328
9 26 0.49
9 16 0.529
9 15 0.0194
10 26 0.1448
10 14 0.0317
11 16 0.0305
11 17 0.9333
11 20 0.4552
11 29 0.0706
12 22 0.0666
12 26 0.1009
13 15 0.565
13 20 0.1997
13 18 0.7865
13 21 0.4322
14 15 0.1597
14 26 0.2657
15 26 0.6914
15 16 0.7048
16 27 0.0169
16 26 0.053
16 28 0.405
16 21 0.706
17 20 0.4177
18 20 0.401
18 23 0.1481
19 28 0.8465
20 22 0.1924
20 23 0.1993
21 29 0.4885
21 22 0.4049
21 28 0.985
23 28 0.4328
23 24 0.9197
24 28 0.7033
24 25 0.4181
26 28 0.17
27 29 0.1538
