20
95
0 1 0.38
0 2 0.27
0 3 0.81
0 5 0.27
0 8 0.64
0 4 0.97
0 13 0.89
0 6 0.99
0 7 0.62
0 9 0.45
1 8 0.21
1 11 0.55
1 14 0.3
1 7 0.83
1 5 0.98
1 9 0.9
1 12 0.75
1 16 0.76
1 3 0.8
1 2 0.89
1 4 0.36
1 6 0.17
2 10 0.86
2 15 0.52
2 19 0.83
2 8 0.98
2 12 0.82
2 13 0.75
2 9 0.85
2 16 0.31
2 5 0.01
2 6 0.9
2 7 0.15
2 11 0.08
3 4 0.12
3 6 0.94
3 9 0.99
3 7 0.57
3 12 0.83
3 14 0.46
3 11 0.59
3 18 0.04
3 5 0.3
4 7 0.16
4 6 0.22
4 14 0.64
4 11 0.75
4 5 0.9
4 16 0.63
4 13 0.29
4 8 0.8
4 10 0.71
5 12 0.22
5 16 0.7
5 10 0.39
5 13 0.46
5 6 0.65
6 7 0.1
6 10 0.36
6 9 0.12
6 11 0.25
7 17 0.61
7 14 0.84
7 9 0.89
7 8 0.59
7 11 0.62
7 12 0.86
8 16 0.59
8 9 0.67
8 13 0.05
8 17 0.23
8 19 0.31
9 10 0.02
9 14 0.49
9 13 0.3
9 12 0.75
10 14 0.85
10 13 0.42
10 16 0.01
10 19 0.7
10 15 0.38
10 12 0.16
11 13 0.54
11 19 0.93
11 18 0.25
11 16 0.28
12 13 0.79
12 14 0.77
12 19 0.57
13 19 0.31
13 14 0.57
14 15 0.75
14 19 0.17
16 17 0.48
17 18 0.63
