100
1000
0 1 0.1874
0 6 0.6605
0 55 0.002
0 50 0.3161
0 73 0.0941
0 17 0.137
0 91 0.3146
0 47 0.1594
0 21 0.5333
0 43 0.018
0 84 0.04
0 23 0.0442
0 8 0.3481
0 9 0.0117
0 77 0.1768
0 36 0.0788
0 79 0.2848
0 24 0.3274
0 66 0.0346
0 87 0.433
0 41 0.1741
0 82 0.4049
0 59 0.29
0 86 0.5341
1 2 0.2053
1 9 0.2825
1 15 0.1312
1 31 0.0477
1 45 0.1321
1 48 0.1865
1 67 0.3037
1 74 0.3242
1 34 0.0818
1 98 0.0905
1 64 0.145
1 22 0.1325
1 16 0.0245
1 51 0.3362
1 70 0.5513
1 84 0.1402
1 20 0.1765
1 63 0.6548
1 42 0.2797
1 75 0.2746
1 52 0.4877
2 3 0.052
2 4 0.1394
2 5 0.6869
2 7 0.0149
2 14 0.041
2 37 0.481
2 81 0.5594
2 33 0.3332
2 60 0.218
2 36 0.4801
2 59 0.0865
2 42 0.009
2 17 0.0205
2 95 0.17
2 19 0.1586
2 32 0.2141
2 78 0.3485
2 40 0.8177
2 20 0.193
2 69 0.1538
2 9 0.2186
3 19 0.3578
3 34 0.0045
3 73 0.37
3 35 0.4436
3 61 0.085
3 31 0.197
3 65 0.0481
3 54 0.153
3 77 0.0269
3 42 0.097
3 55 0.0953
3 33 0.122
3 99 0.4148
3 76 0.1285
3 21 0.185
3 87 0.1017
3 88 0.2609
3 86 0.274
3 53 0.1552
4 11 0.0533
4 23 0.4265
4 26 0.3908
4 90 0.6245
4 52 0.036
4 46 0.2626
4 8 0.0162
4 85 1.445
4 55 0.2473
4 58 0.565
4 17 0.2173
4 99 0.7578
4 9 0.1936
4 33 0.7162
4 73 0.6242
4 71 0.7393
4 62 0.7929
4 77 0.4905
4 45 0.2756
5 17 0.5162
5 27 0.0082
5 6 0.4537
5 51 0.962
5 29 0.8228
5 48 0.0425
5 16 0.2173
5 13 0.6786
5 77 0.2516
5 55 0.7456
5 36 0.7496
5 41 0.5573
5 82 0.8465
5 28 0.8164
5 22 0.6241
5 86 0.0333
5 63 1.5034
5 11 0.9346
5 52 1.1717
5 59 0.2888
6 8 0.4658
6 16 0.1658
6 18 0.0576
6 47 0.4621
6 94 0.3274
6 9 0.7376
6 15 0.6625
6 60 0.4114
6 30 0.3338
6 97 0.6145
6 65 0.2609
6 37 0.3636
6 80 0.1768
6 69 0.29
6 11 0.2925
6 49 0.041
6 67 0.7684
6 98 0.3506
6 44 0.325
6 82 0.1306
7 10 0.169
7 20 0.2813
7 79 0.05
7 47 0.2466
7 12 0.1053
7 23 0.153
7 43 0.0808
7 89 0.269
7 34 0.0244
7 36 0.356
7 78 0.433
7 48 0.7577
7 93 0.3536
7 96 0.1773
7 54 0.3697
7 95 0.0881
7 97 0.2848
8 12 0.0242
8 32 0.5065
8 42 0.101
8 20 0.5722
8 72 0.0149
8 47 0.6845
8 78 0.8545
8 38 0.8325
8 15 0.4673
8 89 0.7173
8 59 0.4021
8 75 0.0689
8 41 0.18
8 86 1.13
8 98 1.0368
8 18 0.5858
8 64 0.4205
8 99 0.9252
8 27 1.2325
9 22 0.09
9 41 0.205
9 58 0.8026
9 18 0.6032
9 55 0.0185
9 79 0.2557
9 73 0.1226
9 85 1.0138
9 45 0.0292
9 46 0.3242
9 89 0.2389
9 69 0.234
9 35 0.169
9 82 0.4082
9 16 0.349
9 71 0.5193
10 68 0.8425
10 69 0.6221
10 50 0.0281
10 65 0.7208
10 78 1.06
10 48 1.6421
10 25 0.8186
10 16 0.6425
10 71 0.884
10 38 0.9698
10 98 1.2365
10 85 1.6525
10 17 0.3044
10 53 0.3581
10 51 0.0818
11 39 0.2826
11 46 0.0793
11 71 0.41
11 38 0.5066
11 42 0.0265
11 14 0.0205
11 19 0.0685
11 76 0.001
11 22 0.3737
11 25 0.389
11 92 0.4122
11 67 0.1945
11 18 0.3357
11 96 0.2125
11 49 0.1241
11 35 0.6709
11 26 0.1601
11 48 0.9773
11 15 0.274
11 89 0.4244
12 13 0.6885
12 29 0.2057
12 59 0.4505
12 94 0.881
12 25 0.7549
12 70 0.0002
12 21 0.9172
12 91 0.5725
12 78 0.9469
12 79 0.0545
12 35 0.689
12 58 0.5978
12 57 0.6868
12 63 0.0085
12 56 0.769
12 42 0.1604
12 32 0.4273
12 96 0.4986
12 62 0.7829
12 38 0.7709
13 21 0.5581
13 42 0.6725
13 75 0.449
13 46 0.5713
13 80 0.3445
13 24 0.8244
13 49 0.6865
13 99 0.0185
13 47 0.1224
13 44 0.6409
13 37 0.4717
13 89 0.0872
13 71 0.4432
13 77 0.245
13 65 0.2624
13 60 0.1305
14 62 0.4049
14 83 0.0346
14 30 0.0098
14 82 0.125
14 98 0.6074
14 52 0.068
14 56 0.5602
14 87 0.2197
14 38 0.3929
14 71 0.3865
14 90 0.2957
14 22 0.2308
14 96 0.261
15 43 0.061
15 37 0.4381
15 70 0.3425
15 72 0.373
15 76 0.3074
15 26 0.4717
15 67 0.0549
15 52 0.4229
15 95 0.0245
15 60 0.0729
15 17 0.1508
15 63 0.4612
15 73 0.0689
15 31 0.2053
15 69 0.1105
15 53 0.5281
15 30 0.1073
15 16 0.2173
16 24 0.5329
16 30 0.1492
16 72 0.3449
16 88 0.1685
16 82 0.244
16 52 0.389
16 50 0.4234
16 91 0.0029
16 36 0.3673
16 51 0.2669
16 73 0.5044
16 65 0.0109
16 69 0.0202
16 46 0.0776
16 58 0.2372
16 63 0.5785
16 90 0.0073
16 86 0.13
16 57 0.425
16 94 0.0544
17 25 0.2074
17 38 0.2194
17 86 0.3617
17 54 0.2137
17 60 0.1049
17 34 0.0034
17 97 0.2026
17 79 0.113
17 77 0.061
17 49 0.0617
17 41 0.0037
17 19 0.2677
17 92 0.149
17 98 0.3145
17 43 0.1346
17 46 0.0265
17 89 0.178
18 36 0.6725
18 90 0.0637
18 76 0.3385
18 94 0.1114
18 33 0.241
18 24 0.6409
18 57 0.7492
18 82 0.2314
18 28 0.2041
18 91 0.0265
18 96 0.0202
18 83 0.5986
18 26 0.0596
18 25 0.0113
19 81 1.2724
19 75 0.0953
19 91 0.6201
19 90 0.7085
19 31 1.066
19 46 0.2754
19 22 0.6596
19 99 0.9802
19 77 0.5809
19 73 0.8306
19 76 0.0617
20 28 0.1685
20 47 0.2873
20 45 0.4628
20 23 0.3869
20 53 0.097
20 57 0.8468
20 82 0.2098
20 80 0.08
20 44 0.3842
20 49 0.0562
20 92 0.1585
20 61 0.4628
21 81 0.1
21 93 0.0065
21 70 0.8914
21 69 0.116
21 43 0.6341
21 39 0.5725
21 66 0.3533
21 79 0.6221
21 34 0.2465
21 80 0.0612
21 61 0.436
21 36 0.5941
21 55 0.4761
22 93 0.4753
22 90 0.2297
22 77 0.1489
22 96 0.5002
22 68 0.0626
22 27 0.4901
22 39 0.0221
22 76 0.4121
22 38 0.1105
22 33 0.0962
22 92 0.1949
22 51 0.3853
22 30 0.1706
22 66 0.0085
22 87 0.5185
22 72 0.4901
22 69 0.1224
22 82 0.5858
22 49 0.477
22 47 0.0793
22 48 0.4612
23 81 0.2297
23 96 0.3285
23 91 0.1696
23 30 0.1049
23 72 0.3802
23 28 0.577
23 33 0.0541
23 77 0.065
23 90 0.1256
23 65 0.0848
24 67 0.2637
24 64 0.4698
24 66 0.5024
24 94 0.9113
24 37 1.1125
24 46 0.2509
24 78 0.9172
24 54 0.8869
24 56 0.6565
24 43 0.2026
24 92 0.7474
24 69 0.5185
24 35 0.8513
25 88 0.4328
25 94 0.1825
25 54 0.1377
25 59 0.0676
25 95 0.6101
25 86 0.2617
25 97 0.482
25 65 0.169
25 39 0.722
25 64 0.0256
25 85 0.2797
25 34 0.2448
25 26 0.0585
25 44 0.4385
25 80 0.1109
25 89 0.4082
26 56 0.0818
26 70 0.3994
26 86 0.4258
26 27 0.4397
26 82 0.061
26 52 0.2132
26 71 0.1621
26 29 0.4253
26 60 0.2962
26 98 0.3386
26 57 0.848
26 32 0.3625
27 35 0.8537
27 71 0.074
27 84 0.5714
27 75 0.785
27 93 0.089
27 66 0.416
27 85 0.0085
27 41 0.4705
27 81 0.0337
27 88 0.0898
27 47 0.178
27 96 0.3145
27 80 0.1629
27 89 0.2116
27 44 0.9117
27 78 0.09
27 39 0.6682
28 54 0.4985
28 72 0.1396
28 88 0.8872
28 76 0.128
28 61 0.5365
28 58 0.0449
28 70 0.3361
28 91 0.2682
28 86 0.7465
29 33 0.2129
29 37 0.5653
29 87 0.4034
29 70 0.1949
29 67 0.0125
29 71 0.397
29 93 0.522
29 83 0.1433
29 65 0.2234
30 75 0.0157
30 87 0.1777
30 53 0.194
30 46 0.082
30 40 0.7873
30 72 0.0857
30 55 0.0541
30 97 0.2221
30 78 0.4369
30 90 0.2005
30 41 0.0292
30 48 0.697
30 66 0.1157
30 70 0.1152
30 45 0.0578
30 59 0.1305
30 51 0.0445
30 52 0.1114
30 50 0.117
30 86 0.5072
31 63 1.0253
31 77 0.0833
31 56 0.7954
31 34 0.2465
31 53 0.593
31 82 0.685
31 73 0.349
31 64 0.3217
31 98 0.0698
31 36 0.2213
31 54 0.0656
31 49 0.4226
31 83 0.7738
31 61 0.244
31 74 0.3089
31 46 0.3802
31 86 0.0466
31 58 0.685
32 62 0.058
32 35 0.1765
32 96 0.3133
32 92 0.0962
32 86 0.2545
32 64 0.289
32 91 0.1556
32 81 0.2125
32 61 0.0277
32 46 0.2297
32 37 0.2729
32 56 0.7649
32 73 0.1361
32 74 0.1354
32 80 0.1073
33 40 0.1989
33 44 0.5256
33 83 0.5904
33 51 0.4753
33 60 0.0136
33 96 0.3028
33 58 0.6152
33 54 0.0794
33 97 0.0153
33 49 0.3428
33 34 0.1565
33 61 0.145
33 42 0.4346
33 82 0.554
33 91 0.1125
34 78 0.2858
34 57 0.3329
34 92 0.1352
34 51 0.0872
34 36 0.2692
34 65 0.0802
34 96 0.1249
34 40 0.584
34 46 0.0485
34 85 0.5365
34 80 0.0629
34 63 0.2746
34 47 0.121
34 58 0.2969
34 60 0.0793
34 84 0.02
35 89 0.2281
35 61 0.1586
35 78 1.0397
35 84 0.3177
35 58 1.4184
35 64 0.9125
35 59 0.6869
35 60 0.2792
35 83 0.5792
35 56 1.658
35 98 0.754
35 82 1.0036
35 86 0.692
35 77 0.4285
35 52 0.8722
35 94 0.6052
35 95 0.1744
36 97 0.0712
36 62 0.1378
36 74 0.01
36 53 0.8357
36 92 0.29
36 47 0.1394
36 42 0.6205
36 94 0.3889
36 76 0.562
36 93 0.6344
36 83 0.4861
36 49 0.6605
36 44 0.5689
36 66 0.0458
36 84 0.2036
37 42 0.5536
37 47 0.1297
37 96 0.2434
37 40 0.0481
37 64 0.2161
37 53 0.485
37 66 0.3373
37 78 0.0661
37 59 0.1685
37 84 0.4621
37 54 0.0128
38 51 0.5256
38 52 0.7173
38 76 0.5408
38 64 0.296
38 96 0.3281
38 40 0.1744
38 41 0.2745
38 90 0.065
38 59 0.1828
38 53 0.5365
38 43 0.346
38 42 0.4793
38 80 0.0949
38 66 0.085
38 87 0.3842
38 71 0.1066
38 47 0.0074
39 58 0.8593
39 66 0.0298
39 80 0.2857
39 44 0.3169
39 76 0.3172
39 63 0.4274
39 83 0.2437
39 41 0.2393
39 98 0.5501
39 72 0.3744
39 96 0.5281
39 91 0.361
39 75 0.1864
39 54 0.4493
39 79 0.3796
40 73 0.8489
40 82 1.0421
40 49 0.6485
40 46 0.6525
40 79 1.2296
40 68 0.2529
40 41 0.6673
40 85 0.0205
40 54 0.1073
40 61 0.6781
40 95 0.8245
40 86 0.0313
40 93 0.2036
40 94 0.0929
40 50 1.4029
40 89 0.2626
40 71 0.173
41 60 0.146
41 80 0.0802
41 58 0.1972
41 79 0.0853
41 95 0.1476
41 73 0.4964
41 70 0.1924
41 83 0.1588
41 82 0.068
42 49 0.041
42 61 0.26
42 95 0.2522
42 98 0.533
42 97 0.4625
42 44 0.0362
42 65 0.2533
42 83 0.1394
42 48 0.8516
42 90 0.2601
42 87 0.0625
42 64 0.1097
43 50 0.2057
43 76 0.1556
43 77 0.2404
43 86 0.6865
43 69 0.2169
43 45 0.0313
43 74 0.2116
43 57 0.2165
43 52 0.2161
43 91 0.3722
43 97 0.2312
43 65 0.2978
43 89 0.2482
44 57 0.6642
44 70 0.04
44 60 0.3712
44 92 0.4789
44 49 0.1508
44 74 0.6817
44 66 0.3389
44 94 0.6068
44 62 0.6025
44 59 0.2329
44 75 0.0173
44 80 0.3042
45 47 0.1125
45 88 0.3049
45 50 0.314
45 64 0.3501
45 46 0.2314
45 52 0.314
45 51 0.1961
46 97 0.3393
46 67 0.3442
46 96 0.0328
46 90 0.1325
46 50 0.1666
46 76 0.0797
46 84 0.1145
46 49 0.008
46 80 0.081
46 61 0.2314
46 52 0.1402
47 78 0.244
47 62 0.0104
47 79 0.5114
47 65 0.0296
47 80 0.0673
47 71 0.1
47 97 0.013
47 75 0.3242
48 81 0.018
48 58 0.8002
48 92 0.1205
48 97 0.2353
48 69 0.2452
48 53 0.7954
48 79 1.1365
48 59 0.3541
48 87 0.5813
48 52 1.2456
48 57 0.5476
48 90 0.1709
49 92 0.2225
49 82 0.0512
49 58 0.058
49 79 0.1465
49 62 0.4177
49 81 0.4714
49 59 0.0365
49 76 0.1205
49 52 0.181
49 78 0.1745
49 63 0.3573
49 71 0.1521
49 54 0.2314
49 96 0.0136
49 55 0.3305
50 64 0.3485
50 91 0.4525
50 53 0.1874
50 67 0.2756
50 99 0.877
50 96 0.3338
50 83 0.0394
50 92 0.6305
51 53 0.1345
51 52 0.0153
51 69 0.2665
51 81 0.7785
51 58 0.3037
51 57 0.6205
51 85 1.0001
51 92 0.4304
51 79 0.0064
52 67 0.29
52 84 0.1609
52 59 0.2977
52 97 0.6445
52 75 0.0485
52 94 0.7298
53 70 0.338
53 59 0.0965
53 65 0.2705
53 83 0.3236
53 72 0.1445
53 77 0.2437
53 62 0.5857
53 84 0.2521
54 84 0.3293
54 81 0.0488
54 70 0.8434
54 63 0.9445
54 72 0.6389
54 59 0.0901
54 68 0.113
55 61 0.0013
55 65 0.1858
55 89 0.1282
55 92 0.2404
55 80 0.2061
55 90 0.2402
55 71 0.3482
55 99 0.1621
56 94 0.5096
56 77 0.4405
56 60 0.6388
56 83 0.738
56 86 0.6436
56 72 0.4405
56 88 0.8857
56 61 0.8242
56 84 0.5945
56 64 0.1165
57 76 0.6569
57 92 0.3277
57 94 0.425
57 75 0.4673
57 69 0.26
58 87 0.0425
58 72 0.3145
58 74 1.3105
58 81 0.6898
58 75 0.3805
58 97 0.7373
58 95 0.6856
58 66 0.6957
58 71 0.2713
58 88 0.7765
58 73 1.2832
58 94 0.4372
58 77 0.3385
59 93 0.0584
59 68 0.1777
59 96 0.0233
59 95 0.2725
59 61 0.2249
59 60 0.1097
59 73 0.6001
59 97 0.2248
59 67 0.3917
60 63 0.6205
60 95 0.1352
60 67 0.225
60 73 0.2336
60 89 0.0101
60 70 0.5072
60 97 0.0205
61 82 0.365
61 78 0.5305
61 79 0.2729
61 69 0.1024
61 87 0.3637
61 76 0.2165
61 62 0.1649
61 90 0.2117
61 97 0.0925
61 89 0.1037
61 70 0.2498
61 63 0.3505
62 65 0.064
62 85 0.2417
62 89 0.0072
62 99 0.2169
62 71 0.136
63 81 1.2409
63 74 0.829
63 68 0.7625
63 75 0.0818
64 91 0.037
64 70 0.4913
64 89 0.3026
64 93 0.0596
64 72 0.2788
64 92 0.148
65 93 0.0746
65 76 0.3298
65 73 0.4033
65 85 0.2081
65 99 0.4105
65 89 0.052
65 71 0.0272
66 95 0.0481
66 85 0.5429
66 79 0.3978
66 82 0.4645
66 68 0.0425
66 75 0.2074
66 78 0.458
67 74 0.1625
67 91 0.4381
67 75 0.1145
67 94 0.5618
67 99 0.1874
67 79 0.2645
67 71 0.5485
67 76 0.2225
67 77 0.2825
68 86 0.13
68 87 0.3725
68 82 0.548
68 89 0.0001
69 71 0.0585
69 82 0.3074
69 84 0.0985
69 79 0.3433
69 92 0.0233
70 78 0.9217
70 76 0.0577
70 80 0.5002
70 96 0.482
70 92 0.6869
70 83 0.004
70 94 0.8548
70 82 0.1828
70 93 0.8093
70 88 1.0085
71 93 0.013
71 88 0.1346
71 78 0.032
71 79 0.5002
71 94 0.0197
72 99 0.8177
72 75 0.0328
73 88 0.3853
73 92 0.4285
73 95 0.1256
73 86 0.6464
73 96 0.8468
74 87 0.881
74 84 0.2824
75 85 0.9425
75 97 0.3536
75 99 0.5237
75 79 0.034
75 89 0.3434
75 80 0.2357
76 81 0.7877
76 93 0.466
76 98 0.6845
76 77 0.272
76 91 0.2906
77 93 0.0964
77 78 0.145
78 80 0.0909
78 89 0.3016
78 97 0.369
78 96 0.0925
79 85 1.1105
79 96 0.2477
79 82 0.0409
79 83 0.0521
79 94 0.6469
79 91 0.353
80 91 0.0045
81 87 0.4589
81 90 0.0941
82 88 0.7969
82 94 0.5256
82 92 0.4369
82 86 0.722
82 91 0.2465
82 99 0.9908
83 97 0.5265
83 93 0.7361
85 99 0.9092
85 88 0.1417
86 99 0.6032
86 95 0.5576
86 91 0.1249
87 91 0.0788
87 96 0.0061
87 90 0.1444
88 98 0.0761
89 91 0.1384
89 94 0.0905
89 98 0.1557
89 97 0.0034
90 91 0.0104
90 92 0.0082
90 95 0.2825
90 98 0.0557
90 93 0.0442
91 98 0.0865
92 93 0.0724
93 95 0.5209
93 96 0.0725
93 97 0.296
93 98 0.0529
94 95 0.41
97 99 0.1381
