100
992
0 1 0.19
0 2 0.05
0 3 0.89
0 6 0.17
0 8 0.15
0 12 0.19
0 36 0.55
0 45 1
0 86 0.57
0 88 0.39
0 59 0.48
0 17 0.45
0 68 0.66
0 97 0.74
0 30 0.59
0 81 0.18
0 47 0.72
0 99 0.04
0 33 0.33
0 44 0.64
0 10 0.04
0 21 0.25
0 29 0.09
0 40 0.46
0 70 0.05
1 7 0.92
1 27 0.82
1 28 0.38
1 47 0.72
1 61 0.17
1 68 0.21
1 98 0.14
1 26 0.05
1 48 0.8
1 18 0.73
1 52 0.1
1 54 0.42
1 63 0.94
1 73 0.44
1 13 0.92
1 69 0.26
1 15 0.51
1 64 0.04
1 92 0.71
1 14 0.86
1 36 0.8
1 38 0.59
1 42 0.49
1 45 0.11
2 5 0.28
2 10 0.7
2 74 0.07
2 92 0.43
2 59 0.56
2 81 0.92
2 29 0.16
2 41 0.38
2 43 0.67
2 13 0.68
2 66 0.36
2 47 0.63
2 73 0.14
2 61 0.07
2 8 0.82
2 54 0.94
2 58 0.27
2 60 0.35
2 4 0.54
2 19 0.92
2 20 0.48
2 44 0.8
2 51 0.62
2 53 0.51
3 4 0.66
3 9 0.01
3 14 0.98
3 15 0.58
3 25 0.46
3 35 0.02
3 49 0.06
3 98 0.93
3 26 0.05
3 21 0.31
3 55 0.89
3 16 0.36
3 94 0.35
3 6 0.11
3 48 0.03
3 54 0.67
3 61 0.46
3 36 0.14
3 47 0.3
3 13 0.99
3 17 0.29
3 20 0.28
3 33 0.43
3 34 0.43
3 38 0.08
3 42 0.71
3 63 0.92
4 23 0.05
4 32 0.04
4 22 0.09
4 35 0.42
4 6 0
4 75 0.82
4 48 0.31
4 61 0.24
4 52 0.21
4 95 0.09
4 68 0.51
4 66 0.69
4 83 0.82
4 80 0.16
4 55 0.69
4 94 0.81
4 77 0.18
4 37 0.19
4 24 0.37
4 28 0.86
4 43 0.61
4 67 0.73
5 34 0.79
5 38 0.94
5 7 0.45
5 50 0.36
5 45 0.81
5 94 0.98
5 67 0.62
5 79 0.88
5 36 0.71
5 72 0.54
5 83 0.29
5 9 0.28
5 62 0.28
5 24 0.43
5 82 0.17
5 46 0.52
5 93 0.07
5 42 0.21
5 63 0.71
5 6 0.69
5 13 0.73
5 23 0.01
5 25 0.32
5 29 0.83
5 44 0.74
5 64 0.89
6 17 0.32
6 55 0.52
6 96 0.09
6 51 0.73
6 92 0.43
6 57 0.53
6 90 0.21
6 93 0.35
6 7 0.38
6 18 0.61
6 21 0.63
6 69 0.95
6 28 0.18
6 54 0.69
6 43 0.9
6 33 0.25
6 19 0.71
6 23 0.95
6 27 0.22
6 31 0.6
6 36 0.47
7 16 0.63
7 48 0.79
7 50 0.36
7 12 0.02
7 8 0.86
7 63 0.39
7 54 0.33
7 79 0.58
7 44 0.83
7 55 0.96
7 11 0.42
7 45 0.55
7 17 0.44
7 29 0.63
7 93 0.45
7 78 0.44
7 92 0.58
7 10 0.28
7 15 0
7 47 0.55
7 53 0.75
7 68 0.74
7 70 0.25
8 18 0.6
8 19 0.64
8 20 0.67
8 31 0.78
8 24 0.85
8 54 0.9
8 43 0.33
8 86 0.81
8 77 0.17
8 56 0.04
8 76 0.53
8 9 0.69
8 16 0.56
8 23 0.66
8 82 0.22
8 66 0.45
8 68 0.58
8 11 0.73
8 21 0.39
8 22 0.95
8 26 0.5
8 30 0.88
8 37 0.96
8 46 0.58
8 47 0.05
8 65 0.17
8 70 0.54
9 11 0.59
9 22 0.78
9 46 0.46
9 89 0.5
9 98 0.2
9 49 0.53
9 86 0.59
9 17 0.59
9 80 0.98
9 36 0.14
9 15 0.26
9 85 0.13
9 47 0.19
9 84 0.4
9 65 0.01
9 97 0.31
9 74 0.04
9 21 0.95
9 23 0.95
9 24 0.37
9 27 0.92
9 32 0.21
9 37 0.44
9 52 0.61
9 67 0.51
9 69 0.81
10 36 0.21
10 58 0.62
10 11 0.88
10 63 0.79
10 14 0.73
10 16 0.93
10 31 0.71
10 66 0.99
10 34 0.15
10 88 0.53
10 39 0.19
10 45 0.91
10 33 0.39
10 29 0.29
10 27 0.61
10 52 0.25
10 93 0.12
10 15 0.89
10 23 0.98
10 61 0.89
11 13 0.6
11 29 0
11 30 0.96
11 42 0.99
11 62 0.17
11 85 0.05
11 12 0.42
11 15 0.61
11 98 0.27
11 44 0.57
11 16 0.78
11 18 0.61
11 17 0.52
11 21 0.5
11 56 0.73
11 79 0.69
11 14 0.9
11 28 0.16
11 36 0.41
11 40 0.16
12 51 0.33
12 95 0.28
12 13 0.66
12 75 0.67
12 82 0.76
12 21 1
12 71 0.76
12 86 0.06
12 28 0.83
12 94 0.99
12 48 0.28
12 57 0.76
12 47 0.4
12 76 0.88
12 43 0.81
12 52 0.73
12 35 0.55
12 16 0.42
12 18 0.86
12 22 0.02
12 27 0.68
12 31 0.17
12 46 0.75
12 59 0
13 24 0.75
13 90 0.7
13 26 0.57
13 50 0.4
13 56 0.24
13 21 0.29
13 86 0.15
13 91 0.1
13 76 0.15
13 29 0.94
13 82 0.19
13 71 0.27
13 15 0.42
13 33 0.37
13 14 0.26
13 43 0.36
13 44 0.08
13 51 0.95
13 53 0.04
14 22 0.06
14 60 0.88
14 57 0.08
14 33 0.92
14 92 0.44
14 20 0.47
14 44 0.16
14 94 0.31
14 66 0.28
14 79 0.55
14 49 0.25
14 43 0.61
14 52 0.39
14 25 0.8
14 76 0.51
14 15 0.11
14 19 0.07
14 28 0.25
14 38 0.64
14 41 0.18
14 51 0.38
14 58 0.85
14 69 0.4
15 21 0.24
15 26 0.47
15 51 0.22
15 86 0.38
15 66 0.38
15 27 0.73
15 68 0.3
15 78 0.19
15 46 0.53
15 17 0.26
15 55 0.1
15 94 0.37
15 42 0.36
16 69 0.52
16 83 0.96
16 34 0.71
16 21 0.47
16 20 0.87
16 32 0.26
16 52 0.92
16 95 0.55
16 84 0.07
16 50 0.56
16 74 0.79
16 78 0.96
16 17 0.41
16 98 0.42
17 57 0.32
17 65 0.45
17 18 0.72
17 94 0.3
17 29 0.75
17 79 0.53
17 40 0.93
17 28 0.82
17 35 0.61
17 50 0.4
17 23 0.49
17 76 0.24
17 24 0.02
17 25 0.37
17 34 0.14
17 41 0.09
17 42 0.84
17 43 0.8
17 53 0.97
17 61 0.67
17 68 0.57
18 45 0.26
18 91 0.81
18 50 0.79
18 83 0.54
18 44 0.16
18 95 0.4
18 42 0.83
18 85 0.1
18 98 0.07
18 30 0.45
18 77 0.46
18 40 0.2
18 87 0.21
18 37 0.22
18 34 0.35
18 47 0.48
18 62 0.31
18 67 0.62
19 54 0.74
19 56 0.75
19 68 0.19
19 25 0.76
19 76 0.34
19 35 0.11
19 87 0.64
19 36 0.61
19 98 0.14
19 71 0.93
19 77 0.13
19 81 0
19 94 0.9
19 80 0.84
19 72 0.53
19 85 0.89
19 30 0.86
19 37 0.58
19 38 0.81
19 42 0.92
19 67 0.84
20 80 0.33
20 58 0.85
20 96 0.16
20 21 1
20 60 0.72
20 62 0.32
20 93 0.25
20 27 0.74
20 25 0.1
20 66 0.81
20 46 0.24
20 30 0.43
20 63 0.32
20 55 0.85
20 37 0.48
20 26 0.95
20 29 0.06
20 41 0.01
20 44 0.58
20 53 0.54
21 54 0.01
21 62 0.94
21 46 0.94
21 32 0.3
21 92 0.15
21 31 0.72
21 90 0.08
21 68 0.71
21 87 0.82
21 25 0.94
21 36 0.5
21 50 0.27
21 52 0.96
22 45 0.04
22 57 0.79
22 25 0.18
22 41 0.56
22 37 0.53
22 33 0.79
22 28 0.66
22 94 0.64
22 52 0.22
22 78 0.43
22 62 0.92
22 42 0.57
22 83 0.48
22 53 0.84
22 76 0.48
22 65 0.8
23 88 0.89
23 32 0.25
23 50 0.06
23 60 0.54
23 56 0.27
23 62 0.84
23 25 1
23 83 0.6
23 96 0.9
23 47 0.59
23 48 0.08
23 36 0.1
23 39 0.75
23 28 0.6
23 42 0.96
23 54 0.72
24 64 0.72
24 78 0.73
24 41 0.88
24 95 0.2
24 62 0.39
24 52 0.54
24 81 0.59
24 37 0.53
24 57 0.85
24 58 0.25
24 99 0.91
24 40 0.95
24 87 0.16
24 72 0.49
24 26 0.64
24 34 0.69
24 35 0.47
24 48 0.67
24 50 0.73
24 54 0.48
24 56 0.16
24 61 0.05
25 37 0.64
25 41 0.89
25 72 0.84
25 92 0.1
25 98 0.45
25 67 0.21
25 87 0.64
25 49 0.19
25 91 0.7
25 97 0.27
25 42 0.9
25 33 0.26
25 36 0.8
25 53 0.9
25 61 0.8
26 39 0.54
26 70 0.1
26 94 0.78
26 96 0.32
26 72 0.46
26 55 0.96
26 32 0.85
26 85 0.63
26 98 0.64
26 79 0.74
26 50 0.83
26 69 0.02
26 65 0.47
26 31 0.16
26 48 0.88
26 53 0.77
26 60 0.91
26 63 0.08
27 77 0.39
27 99 0.89
27 67 0.46
27 62 0.74
27 49 0.55
27 54 0.65
27 53 0.43
27 29 0.32
27 97 0.42
27 37 0.36
27 82 0.89
27 58 0.05
27 31 0.31
27 30 0.05
27 36 0.75
27 39 0.8
27 50 0.15
28 71 0.92
28 35 0.39
28 49 0.94
28 72 0.98
28 47 0.22
28 68 0.64
28 46 0.82
28 55 0.51
28 81 0.17
28 61 0.08
28 40 0.03
28 29 0.21
28 31 0.44
28 41 0.76
28 60 0.06
29 56 0.68
29 87 0.06
29 45 0.63
29 79 0.84
29 66 0.26
29 91 0.06
29 55 0.4
29 30 0.8
29 73 0.53
29 36 0.68
29 38 0.38
29 43 0.47
29 61 0.41
29 62 0.43
30 33 0.97
30 68 0.8
30 75 1
30 44 0.84
30 95 0.88
30 84 0.57
30 60 0.7
30 76 0.88
30 66 0.56
30 69 0.16
30 35 0.19
30 41 0.6
30 45 0.47
30 52 0.75
30 58 0.16
30 65 0.4
31 94 0.15
31 57 0.87
31 35 1
31 54 0.54
31 37 0.74
31 67 0.77
31 89 0.22
31 97 0.05
31 59 0.46
31 95 0.27
31 73 0.75
31 63 0.2
31 32 0.22
31 53 0.79
31 61 0.19
31 64 0.78
31 65 0.4
32 35 0.09
32 49 0.27
32 58 0.49
32 66 0.38
32 80 0.17
32 78 0.96
32 94 0.29
32 65 0.34
32 55 0.96
32 90 0.69
32 85 0.71
32 41 0.56
32 77 0.26
32 33 0.82
32 34 0.41
32 42 0.74
32 45 0.94
32 70 0.64
33 59 0.84
33 89 0.24
33 91 0.66
33 60 0.45
33 40 0.25
33 95 0.68
33 87 0.92
33 85 0.7
33 53 0.87
33 83 0.78
34 43 1
34 71 0.02
34 75 0.83
34 49 0.03
34 99 0.88
34 51 0.95
34 65 0.72
34 79 0.98
34 98 0.89
34 60 0.3
34 83 0.78
34 64 0.27
34 39 0.37
34 52 0.44
34 56 0.27
35 39 0.61
35 47 0.57
35 87 0.9
35 62 0.52
35 59 0.14
35 72 0.31
35 46 0.17
35 57 0.5
35 74 0.78
35 66 0.02
35 37 0.76
35 44 0.04
35 48 0.68
35 67 0
36 40 0.1
36 49 0.88
36 83 0.8
36 96 0.59
36 58 0.99
36 76 0.18
36 41 0.34
36 44 0.34
36 48 0.57
36 51 0.06
36 53 0.02
36 56 0.17
36 63 0.32
37 66 0.53
37 94 0.67
37 90 0.04
37 57 0.02
37 79 1
37 72 0.22
37 49 0.83
37 81 0.92
37 42 0.66
37 47 0.89
37 56 0.31
37 59 0.08
37 61 0.26
38 71 0.98
38 92 0.34
38 67 0.37
38 57 0.25
38 82 0.65
38 52 0.55
38 41 0.16
38 96 0.57
38 99 0.6
38 51 0.19
38 50 0.71
38 64 0.13
38 63 0.03
38 80 0.78
38 44 0.53
38 46 0.82
38 69 0.67
39 65 0.28
39 57 0.78
39 43 0.81
39 62 0.05
39 73 0.7
39 88 0.57
39 92 0.68
39 84 0.08
39 59 0.29
39 70 0.67
39 56 0.41
39 40 0.96
39 89 0.09
39 76 0.63
39 50 0.08
39 68 0.12
40 73 0.21
40 99 0.82
40 49 0.29
40 57 0.62
40 87 0.21
40 61 0.11
40 62 0.31
40 48 0.99
40 58 0.86
40 54 0.17
40 91 0.09
40 41 0.73
40 45 0.22
40 52 0.19
40 56 0.81
40 65 0.26
41 44 0.99
41 75 0.91
41 98 0.77
41 93 0.43
41 73 1
41 66 0.79
41 92 0.25
41 63 0.99
41 64 0.21
41 70 0.21
42 97 0.22
42 53 0.04
42 83 0.6
42 48 0.8
42 46 0.73
42 86 0.02
42 64 0.39
42 54 0.74
42 70 0.13
43 63 0.91
43 95 0.2
43 94 0.09
43 92 0.49
43 69 0.94
43 79 0.69
43 73 0.73
43 97 0.39
43 55 0.09
43 44 0.45
43 53 0.7
44 90 0.47
44 55 0.92
44 87 0.94
44 74 0.43
44 54 0.36
44 46 0.04
44 58 0.63
44 61 0.15
45 46 0.09
45 62 0.13
45 76 0.17
45 51 0.48
45 90 0.17
45 73 0.02
45 81 0.33
45 98 0.92
45 50 0.29
45 52 0.01
46 69 0.97
46 72 0.42
46 58 0.31
46 98 0.02
46 87 0.35
46 82 0.07
46 54 0.98
46 51 0.23
46 56 0.19
47 92 0.35
47 57 0
47 48 0.21
47 83 0.83
47 87 0.41
47 76 0.42
47 70 0.49
47 49 0.01
47 58 0.88
47 67 0.76
47 68 0.2
48 52 0.79
48 75 0.11
48 60 0.38
48 91 0.65
48 73 0.73
48 61 0.23
48 74 0.07
48 63 0.05
48 67 0.59
49 53 0.65
49 91 0.21
49 79 0.04
49 81 1
49 51 0.41
49 57 0.51
49 75 0.01
49 76 0.98
49 64 0.12
49 70 0.37
50 81 0.41
50 93 0.53
50 82 0.45
50 80 0.61
50 87 0.83
50 57 0.91
50 60 0.1
50 64 0.64
50 65 0.7
50 67 0.73
51 84 0.46
51 60 0.68
51 56 0.77
51 54 0.69
51 85 0.28
51 82 0.36
51 55 0.34
51 68 0.41
51 59 0.69
52 76 0.09
52 61 0.35
52 59 0.07
52 75 0.49
52 67 0.95
52 69 0.33
53 54 0.94
53 93 0.05
53 79 0.99
53 57 0.97
53 91 0.13
53 59 0.23
53 66 0.23
54 69 0.86
54 78 0.9
54 59 0.76
54 60 0.89
55 72 0.61
55 90 0
55 75 0.24
55 57 0.94
55 93 0.82
55 95 0.16
55 83 0.19
56 86 0.88
56 92 0.53
56 73 0.35
56 78 0.21
56 97 0.97
56 93 0.34
57 99 0.04
57 78 0.83
57 68 0.6
57 58 0.94
57 60 1
57 69 0.82
58 79 0.28
58 76 0.86
58 89 0.49
58 93 0.15
58 65 0.98
58 71 0.07
59 60 0.21
59 63 0.05
59 87 0.54
59 92 0.61
59 77 0.15
59 74 0.65
59 68 0.31
59 93 0.65
59 67 0.9
59 69 0.42
60 86 0.94
60 89 0.05
60 85 0.76
60 91 0.43
60 77 0.2
60 64 0.88
61 66 0.2
61 70 0.14
61 85 0.13
61 97 0.04
61 63 0.34
61 67 0.34
62 81 0.15
62 97 0.28
62 70 0
62 85 0.58
62 76 0.72
62 88 0.85
63 66 0.22
63 72 0.54
63 69 0.51
63 90 0.35
63 70 0.81
63 65 0.87
64 80 0.3
64 73 0.4
64 90 0.91
64 88 0.96
64 71 0.8
64 94 0.03
64 87 0.9
64 79 0.73
64 83 0.58
65 67 0.38
65 73 0.79
65 91 0.37
65 76 0.81
65 87 0.61
65 99 0.16
66 96 0.93
66 70 0.2
66 68 0.84
66 85 0.14
67 97 0.44
67 92 0.72
67 79 0.56
68 80 0.41
68 91 0.63
68 94 0.61
68 70 0.23
69 81 0.37
69 76 0.61
69 86 0.03
69 73 0.28
69 70 1
70 92 0.78
70 95 0.14
70 96 0.31
70 87 0.3
71 78 0.9
72 82 0.32
74 79 1
76 93 0.91
77 84 0.3
90 99 0.01
