20
172
0 1 0.87
0 2 0.53
0 4 0.94
0 12 0.51
0 19 0.8
0 8 0.52
0 16 0.69
0 14 0.95
0 9 0.12
0 11 1
0 5 0.49
0 6 0.38
0 13 0.55
0 18 0.37
0 15 0.63
0 7 0.32
0 10 0.58
0 3 0.01
1 3 0.43
1 5 0.38
1 7 0.71
1 8 0.03
1 16 0.51
1 14 0.19
1 19 0.39
1 17 0.36
1 12 0.59
1 2 0.3
1 10 0.37
1 18 0.49
1 15 0.25
1 6 0.48
1 13 0.54
1 4 0.24
1 11 0.87
1 9 0.77
2 13 0.26
2 3 0
2 8 0.64
2 19 0.18
2 9 0.61
2 7 0.47
2 11 0.52
2 17 0.75
2 15 0.99
2 14 0.33
2 4 0.86
2 16 0.12
2 6 0.11
2 18 0.98
2 12 0.21
2 10 0.54
2 5 0.07
3 10 0.34
3 7 0.23
3 11 0.34
3 15 0.79
3 17 0.97
3 4 0.5
3 12 0.7
3 5 0.19
3 8 0.37
3 19 0.51
3 14 0.58
3 13 0.48
3 9 0.7
3 18 0.48
3 16 0.09
3 6 0.7
4 18 0.83
4 5 0.81
4 12 0.07
4 8 0.62
4 7 0.31
4 15 0.15
4 14 0.26
4 10 0.79
4 11 0.67
4 13 0.94
4 9 0.35
4 16 0.66
4 19 0.44
4 17 0.31
4 6 0.83
5 6 0.57
5 9 0
5 11 0.72
5 13 0.11
5 14 1
5 17 0.38
5 10 0.51
5 16 0.37
5 7 0.9
5 12 0.28
5 8 0.97
5 19 0.34
5 15 0
6 18 0.6
6 11 0.27
6 10 0.03
6 7 0.77
6 13 0.12
6 14 0.63
6 15 0.58
6 8 0.24
6 9 0.17
6 16 0.86
6 19 0.13
6 12 0.17
7 16 0.27
7 14 0.75
7 19 0.08
7 15 0.85
7 17 0.41
7 13 0.34
7 9 0.96
7 10 0.43
7 18 0.66
7 11 0.64
7 12 0.28
8 12 0.02
8 19 0.92
8 9 0.02
8 17 0.98
8 18 0.04
8 11 0.27
8 13 0.12
8 15 0.33
8 16 0.83
8 10 0.75
8 14 0
9 13 0.73
9 18 0.81
9 19 0.33
9 16 0.88
9 17 0.21
9 14 0.62
9 12 0.02
9 10 0.26
9 15 0.73
9 11 0.04
10 13 0.49
10 16 0.62
10 18 0.63
10 11 0.73
10 15 0.49
10 17 0.16
10 12 0.05
10 19 0.04
11 19 0
11 14 0.8
11 16 0.69
11 12 0.51
11 18 0.15
11 13 0.62
12 17 0.59
12 13 0.15
12 16 0.05
12 18 0.93
12 15 0.19
12 14 0.06
13 14 0.67
13 15 0.68
13 17 0.48
13 18 0.98
14 16 0.16
14 15 0.03
14 19 0.31
14 17 0.59
15 19 0.47
15 18 0.91
15 17 0.95
