50
245
0 1 0.94
0 2 0.15
0 5 0.23
0 19 0.71
0 23 0.57
0 44 0.98
0 33 0.03
0 15 0.94
0 32 0.99
0 16 0.28
0 12 0.42
0 13 0.86
0 25 0.89
0 27 0.19
1 3 0.69
1 14 0.25
1 40 1
1 44 0.85
1 34 0.74
1 5 0.94
1 23 0.09
1 16 0.81
1 20 0.09
1 32 0.25
2 7 0.57
2 11 0.72
2 20 0.15
2 39 0.36
2 34 0.86
2 16 0.44
2 10 0.59
2 32 0.28
2 49 0.9
2 3 0.49
3 4 0.57
3 31 0.69
3 47 0.77
3 49 0.87
3 7 0.49
3 30 0.88
3 27 0.72
3 46 0.56
3 26 0.11
4 6 0.85
4 9 0.5
4 10 0.66
4 13 0.24
4 7 0.8
4 47 0.8
4 41 0.6
4 43 0.78
4 33 0.58
4 11 0.59
5 28 0.29
5 46 0.77
5 22 0.22
5 17 0.69
5 24 0.75
5 36 0.06
5 6 0.49
5 48 0.71
5 23 0.32
6 13 0.67
6 24 0.85
6 45 0.61
6 20 0.68
6 28 1
6 42 0.96
6 26 0.77
6 16 0.42
6 8 0.05
6 12 0.96
6 15 0.21
6 19 0.98
6 32 0.98
7 8 0.22
7 12 0.22
7 25 0.17
7 21 0.21
7 22 0.33
7 43 0.68
7 40 0.82
7 11 0.29
7 19 0.17
7 30 0.56
8 33 0.08
8 42 0.07
8 22 0.6
8 40 0.43
8 44 0.59
8 34 0.37
8 39 0.98
8 25 0.47
9 35 0.02
9 49 0.19
9 29 0.88
9 10 0.51
9 25 0.26
9 11 0.37
9 37 0.05
9 24 0.52
9 42 0.21
9 14 0.61
9 18 0.16
9 19 0.98
10 16 0.59
10 17 0.42
10 18 0.48
10 37 0.85
10 39 0.52
10 43 0.38
10 24 0.22
10 14 0.33
10 21 0.52
10 27 0.63
11 24 0.1
11 25 0.9
11 16 0.16
11 36 0.49
11 46 0.44
11 38 0.35
11 13 0.76
11 18 0.21
12 15 0.13
12 13 0.63
12 20 0.51
12 34 0.06
12 36 0.98
12 28 0.43
12 47 0.9
12 32 0.09
13 36 0.9
13 17 0.04
13 47 0.34
13 18 0.84
13 29 0.24
13 15 0.52
13 21 0.73
13 27 0.9
13 34 0.3
14 30 0.76
14 21 0.99
14 24 0.32
14 22 0.46
14 32 0.11
14 39 0.38
14 17 0.27
14 15 0.96
14 18 0.47
15 45 0.56
15 46 0.62
15 43 0.91
15 41 0.92
15 33 0.87
15 19 1
16 38 0.7
16 29 0
16 18 0.23
16 42 0.42
16 22 0.25
17 36 0.51
17 45 0.79
17 48 0.77
17 37 0.16
17 24 0.57
17 28 0.61
17 19 0.27
17 33 0.86
18 22 0.57
18 32 0.41
18 40 0.3
18 30 0.73
18 20 0.42
18 25 0.2
18 34 0.54
19 21 0.04
19 24 0.18
19 49 0.05
19 29 0.51
19 27 0.46
19 30 0.67
20 27 0.49
20 36 0.81
20 32 0.72
20 25 0.13
20 47 0.24
20 31 0.54
21 25 0.79
21 49 0.63
21 45 0.96
21 37 0.93
21 35 0.49
21 26 0.88
21 30 0.78
21 31 0.56
22 23 0.09
22 26 0.12
22 48 0.91
22 45 0.62
22 28 0.31
22 34 0.92
23 29 0.98
23 30 0.14
23 44 0.81
23 36 0.4
23 27 0.14
23 43 0.03
24 39 0.4
24 29 0.94
25 37 0.69
25 29 0.73
25 26 0.41
26 44 0.48
26 36 0.69
26 27 0.07
26 33 0.81
26 31 0.28
27 41 0.83
27 46 0
28 47 0.8
28 48 0.7
28 43 0.1
28 36 0.11
28 33 0.09
29 31 0.73
29 42 0.15
29 49 0.97
30 34 0.18
30 48 0.22
30 46 0.3
31 45 0.06
31 37 0.13
31 40 0.78
31 43 0.62
31 35 0.24
32 46 0.74
32 49 0.06
33 49 0.48
33 41 0.94
33 45 0.29
34 36 0.69
34 43 0.62
38 41 0.19
38 43 0.7
40 48 0.24
