50
615
0 1 0.22
0 14 0.89
0 31 0.1
0 32 0.72
0 19 0.03
0 42 0.71
0 12 0.46
0 2 0.51
0 47 0.62
0 24 0.47
0 28 0.43
0 27 0.84
0 38 0.68
0 22 0.7
0 33 0.08
0 45 0.06
0 46 0.07
0 48 0.68
0 18 0.64
0 11 0.78
0 17 0.69
0 3 0.17
0 20 0.01
0 26 0.77
0 30 0.51
0 5 0.8
0 8 0.57
0 10 0.46
0 13 0.74
0 21 0.87
1 2 0.18
1 3 0
1 5 0.44
1 6 0.06
1 7 0.78
1 8 0.83
1 10 0.76
1 22 0.23
1 24 0.4
1 45 0.71
1 28 0.2
1 18 0.77
1 48 0.49
1 41 0.66
1 37 0.02
1 44 0.29
1 43 0.97
1 32 0.44
1 23 0.37
1 34 0.73
1 15 0.6
1 29 0.76
1 11 0.39
1 4 0.5
1 9 0.86
1 12 0.65
1 14 0.9
1 17 0.58
1 20 0.21
1 21 0.26
1 27 0.23
1 33 0.99
1 35 0.92
1 36 0
2 12 0.02
2 20 0.38
2 16 0.11
2 10 0.07
2 27 0.82
2 39 0.44
2 38 0.09
2 7 0.35
2 46 0.34
2 44 0.12
2 19 0.08
2 30 0.98
2 31 0.25
2 48 0
2 17 0.01
2 33 0.84
2 40 0.41
2 11 0.15
2 5 0.13
2 6 0.25
2 24 0.55
2 22 0.65
2 13 0.22
2 8 0
2 14 0.91
2 15 0.72
2 18 0.66
2 21 0.48
2 25 0.41
2 28 0.56
2 29 0.55
2 34 0.92
3 4 0.48
3 11 0.66
3 15 0.5
3 47 0.74
3 8 0.58
3 30 0.72
3 28 0.72
3 37 0.58
3 21 0.25
3 26 0.22
3 16 0.77
3 36 0.87
3 13 0.91
3 38 0.56
3 19 0.58
3 14 0.55
3 33 0.82
3 5 0.52
3 32 0.13
3 12 0.04
3 25 0.47
3 45 0.84
3 44 0.51
3 7 0.82
3 17 0.18
3 22 0.28
3 23 0.79
3 24 0.16
3 27 0.66
3 29 0.88
4 18 0.45
4 9 0.82
4 39 0.8
4 7 0.21
4 13 0.17
4 42 0.7
4 16 0.4
4 34 0.45
4 14 0.74
4 19 0.89
4 12 0.78
4 35 0.45
4 33 0
4 15 0.11
4 47 0.16
4 25 0.96
4 48 0.08
4 43 0.71
4 10 0.65
4 32 0.1
4 29 0
4 46 0.72
4 41 0.9
4 6 0.13
4 21 0.44
4 22 0.01
4 23 0.13
4 24 0.64
4 26 1
4 27 0.25
4 30 0.7
5 9 0.8
5 35 0.6
5 6 0.28
5 25 0.25
5 8 0.08
5 17 0.78
5 46 0.61
5 31 0.45
5 38 0.14
5 48 0.15
5 22 0.01
5 32 0.33
5 23 0.53
5 36 0.48
5 44 0.27
5 14 0.79
5 26 0.96
5 19 0.99
5 13 0.3
5 49 0.84
5 27 0.86
5 7 0.32
5 11 0.49
5 16 0.58
5 20 0.77
5 30 0.17
5 34 0.18
6 19 0.8
6 49 0.55
6 43 0.97
6 18 0.16
6 32 0.78
6 41 0.64
6 45 0.95
6 16 0.33
6 37 0.63
6 28 0.04
6 47 0.87
6 40 0.56
6 29 0.12
6 14 0.96
6 21 0.98
6 11 0.63
6 12 0.68
6 39 0.34
6 42 0.71
6 15 0.6
6 48 0.61
6 7 0.76
6 8 0.97
6 9 0.68
6 17 0.23
6 20 0.97
6 24 0.55
6 26 0.85
6 31 0.17
6 36 0.57
7 13 0.74
7 24 0.6
7 38 0.79
7 12 0.31
7 44 0.4
7 9 0.98
7 34 0.9
7 19 0.04
7 36 0
7 47 0.47
7 25 0.69
7 23 0.59
7 37 0.7
7 17 0.58
7 10 0.41
7 28 0.61
7 35 0.79
7 29 0.92
7 39 0.35
7 8 0.68
7 11 0.81
7 16 0.89
7 21 0.17
7 26 0.15
8 29 0.42
8 30 0.36
8 18 0.57
8 12 0.36
8 44 0.17
8 24 0.55
8 42 0
8 46 0.41
8 21 0.57
8 25 0.63
8 36 0.99
8 45 0.44
8 13 0.3
8 38 0.42
8 26 0.29
8 19 0.65
8 35 0.72
8 43 0.97
8 9 0.35
8 10 0.03
8 15 0.26
8 17 0.7
8 27 0.94
8 31 0.77
9 16 0.79
9 37 0.87
9 31 0.35
9 39 0.65
9 48 0.58
9 40 0.27
9 24 0.24
9 32 0.11
9 25 0.48
9 26 0.38
9 22 0.59
9 20 0.07
9 12 0.45
9 44 0.95
9 42 0.81
9 38 0.23
9 10 0.05
9 47 0.15
9 11 0.77
9 14 0.95
9 17 0.26
9 27 0.36
9 30 0.21
9 36 0.39
10 17 0.86
10 21 0.25
10 38 0.01
10 13 0.22
10 25 0.96
10 29 0.78
10 12 0.12
10 45 0.35
10 19 0.23
10 35 0.21
10 30 0.2
10 32 0.3
10 11 0.85
10 23 0.48
10 42 0.49
10 46 0.02
10 43 0.38
10 48 0.55
10 14 0.12
10 15 0.86
10 16 0.79
10 31 0.74
11 25 0.94
11 44 0.69
11 13 0.23
11 48 0.58
11 42 0.3
11 24 0.83
11 46 0.94
11 14 0
11 38 0.48
11 29 0.17
11 32 0.31
11 47 0.96
11 26 0.43
11 37 0.32
11 35 0.9
11 21 0.27
11 23 0.79
11 28 0.11
11 30 0.54
11 36 0.18
12 34 0.8
12 42 0.97
12 35 0.13
12 22 0.93
12 43 0.8
12 36 0.03
12 47 0.07
12 38 0.52
12 30 0.6
12 44 0.91
12 49 0.68
12 32 0.32
12 31 0.72
12 40 0.78
12 14 0.37
12 15 0.62
12 18 0.49
12 23 0.86
12 27 0.04
13 27 0.66
13 28 0.72
13 42 0.39
13 45 0.64
13 44 0.47
13 39 0.72
13 15 0.85
13 34 0.88
13 17 0.05
13 25 0.29
13 35 0.55
13 36 0.81
13 16 0.9
13 30 0.68
13 47 0.79
13 14 0.78
13 33 0.54
14 30 0.98
14 32 0.54
14 42 0.09
14 15 0.12
14 34 0.85
14 31 0.6
14 17 0.69
14 40 0.28
14 43 0.52
14 45 0.91
14 18 0.7
14 28 0.46
14 19 0.72
14 21 0.3
14 25 0.62
14 29 0.73
15 18 0.71
15 20 0.04
15 26 0.8
15 24 0.88
15 49 0.04
15 28 0.06
15 40 0.38
15 29 0.32
15 22 0.73
15 25 0.1
15 48 0.65
15 47 0.85
15 36 0.11
15 42 0.09
15 31 0.18
15 32 0.87
15 33 0.14
16 41 0.17
16 23 0.1
16 40 0.36
16 29 0.51
16 27 0.24
16 44 0.25
16 42 0.92
16 45 0.86
16 22 0.38
16 28 0.1
16 37 0.71
16 34 0.26
16 33 0.08
16 47 0.31
16 43 0.23
16 17 0.51
16 20 0.44
16 21 0.09
16 25 0.67
16 26 0.28
16 31 0.55
17 36 0.28
17 42 0.43
17 31 0.23
17 18 0.88
17 45 0.18
17 41 0.57
17 22 0.7
17 44 0.46
17 46 0.53
17 33 0.58
17 40 0.99
17 19 0.14
17 23 0.33
17 26 0.55
17 27 0.24
17 29 0.28
17 35 0.39
18 26 0.37
18 40 0.46
18 39 0.69
18 47 0.45
18 25 0.79
18 32 0.49
18 28 0.01
18 42 0.12
18 23 0.59
18 30 0.68
18 43 0.56
18 37 0.41
18 35 0.88
18 41 0.99
18 19 0.32
18 24 0.17
18 27 0.19
18 34 0.97
19 48 0.69
19 34 0.71
19 35 0.92
19 27 0.79
19 36 0.28
19 29 0.17
19 21 0.77
19 46 0.4
19 22 0.71
19 25 0.92
19 24 0.54
19 44 0.2
19 20 0.03
19 23 0.22
19 26 0.88
20 21 1
20 48 0.71
20 32 0.86
20 25 0.6
20 27 0.03
20 49 0.17
20 39 0.72
20 45 0.48
20 28 0.39
20 47 0.04
20 36 0.22
20 30 0.32
20 33 0
20 42 0.4
20 41 0.52
20 22 0.75
20 24 0.17
21 35 0.87
21 37 0.98
21 43 0.94
21 49 0.95
21 38 0.85
21 41 0.13
21 31 0.8
21 29 0.73
21 48 0.54
21 30 0.86
21 23 0.07
21 24 0.48
21 26 0.63
22 23 0.04
22 37 0.2
22 26 0.49
22 24 0.57
22 36 0.35
22 44 0.22
22 45 0.2
22 49 0.86
22 46 0.19
22 38 0.62
22 33 0.58
23 33 0.92
23 42 0.19
23 35 0.73
23 38 0.15
23 34 0.78
23 25 0.19
23 40 0.26
23 31 0.05
23 39 0.37
23 27 0.14
23 26 0.91
24 44 0.26
24 48 0.09
24 40 0.03
24 27 0.18
24 33 0.69
24 35 0.38
24 28 0.64
24 26 1
24 25 0.82
24 34 0.96
24 36 0.79
25 37 0.77
25 30 0.03
25 45 0.15
25 28 0.91
25 38 0.39
25 34 0.68
25 29 0.46
25 31 0.92
25 32 0.25
25 33 0.88
25 36 0.84
26 33 0.52
26 27 0.24
26 39 0.51
26 38 0.09
26 44 0.83
26 31 0.64
26 32 0.86
27 43 0.79
27 39 0.9
27 30 0.51
27 47 0.67
27 35 0.85
27 37 0.5
27 34 0.2
28 36 0.23
28 32 0.16
28 46 0.26
28 47 0.79
28 48 0.35
28 49 0.35
28 39 0.32
28 41 0.58
28 31 0.22
29 30 0.9
29 31 0.88
29 36 0.14
29 37 0.12
29 39 0.1
29 46 0.33
29 32 0.98
29 49 0.52
29 35 0.12
30 45 0.12
30 38 0.8
30 33 0.35
30 32 0.07
30 40 0.32
30 48 0.5
30 34 0.35
31 36 0.95
31 39 0.55
31 40 0.05
31 38 0.96
31 44 0.84
31 34 0.8
31 35 0.35
32 42 0.79
32 46 0.18
32 33 0.36
32 48 0.41
32 40 0.11
33 45 0.63
33 35 0.45
33 44 0.58
33 34 0.69
33 46 0.1
33 43 0.33
33 38 0.82
34 46 0.33
34 48 0.6
34 36 0.9
34 45 0.58
34 39 0.16
34 47 0.03
35 44 0.21
35 45 0.36
35 37 0.83
35 40 0.55
35 47 0.12
35 36 0.5
36 42 0.12
36 48 0.42
40 43 0.09
